a=[2 3 3; 4 5 6 ; 5 6 7];
b=[-2 3 4; -4 5 6; 8 -9 0];
a*b

ans =

     8    -6    26
    20   -17    46
    22   -18    56

a-b

ans =

     4     0    -1
     8     0     0
    -3    15     7

a+b

ans =

     0     6     7
     0    10    12
    13    -3     7

a'

ans =

     2     4     5
     3     5     6
     3     6     7

a'*b

ans =

    20   -19    32
    22   -20    42
    26   -24    48

b'*a

ans =

    20    22    26
   -19   -20   -24
    32    42    48

