abs(-4)

ans =

     4

abs(4+5i)

ans =

    6.4031

abs(3+4i)

ans =

     5

sqrt(4)

ans =

     2

sqrt(89)

ans =

    9.4340

sqrt(81)

ans =

     9

