sqrt(-5)

ans =

   0.0000 + 2.2361i

x=3+4i;
y=4-9i;
z=x+y;
w=x-y;
p=x*y;
q=x/y;
r=y/x;
z

z =

   7.0000 - 5.0000i

w

w =

  -1.0000 +13.0000i

p

p =

  48.0000 -11.0000i

q

q =

  -0.2474 + 0.4433i

r

r =

  -0.9600 - 1.7200i

x=3+4i;
   y=-3-4i;
x+y

ans =

     0

