exp(0)

ans =

     1

exp(100)

ans =

   2.6881e+43
