rem(12,2)

ans =

     0

rem(14,6)

ans =

     2

